0004
0005
0008
0015
0027
0032
0041
0042
0048
0050
0052
0078
0079
0107
0119
0124
0132
0157
0171
0172
0173
0188
0191
0201
0215
0219
0222
0224
0231
0233
0234
0242
0243
0250
0260
0286
0306
0307
0308
0309
0311
0312
0313
0314
0315
0317
0318
0319
0321
0322
0326
0327
0328
0329
0330
0331
0332
0334
0336
0337
0338
0339
0341
0342
0343
0346
0347
0348
0356
0358
0359
0360
0363
0364
0368
0370
0371
0372
0373
0376
0383
0386
0388
0389
0390
0393
0394
0395
0396
0397
0398
0400
0401
0402
0403
0409
0412
0414
0500
0501
0502
0503
0504
05050001
0002
0003
0006
0007
0009
0010
0011
0012
0013
0014
0016
0018
0020
0021
0023
0024
0025
0026
0028
0029
0030
0033
0034
0035
0036
0038
0040
0043
0044
0045
0046
0047
0049
0051
0053
0054
0055
0056
0057
0058
0059
0060
0061
0062
0063
0064
0065
0066
0067
0069
0070
0072
0074
0075
0077
0082
0083
0084
0085
0087
0088
0089
0090
0091
0092
0093
0094
0096
0097
0098
0099
0101
0102
0104
0105
0106
0108
0109
0110
0111
0112
0113
0115
0117
0118
0120
0121
0125
0126
0128
0129
0130
0131
0133
0136
0137
0141
0142
0144
0145
0146
0148
0149
0150
0151
0153
0154
0155
0158
0159
0162
0163
0164
0167
0169
0170
0175
0176
0177
0180
0181
0182
0184
0185
0187
0190
0192
0193
0196
0197
0198
0200
0202
0203
0205
0206
0207
0210
0213
0214
0225
0226
0227
0228
0229
0232
0235
0236
0237
0238
0239
0241
0244
0246
0247
0251
0252
0253
0254
0255
0256
0257
0258
0259
0263
0264
0265
0266
0267
0268
0269
0270
0272
0273
0274
0275
0276
0277
0279
0284
0285
0287
0289
0290
0291
0292
0293
0294
0296
0297
0299
0304
0305
0316
0320
0323
0324
0325
0335
0344
0345
0349
0350
0351
0352
0361
0365
0374
0375
0377
0378
0379
0385
0391
0399
0408
0410
0411
0506