0410
0411
0004
0005
0008
0015
0027
0032
0041
0042
0048
0050
0052
0078
0079
0107
0119
0124
0132
0157
0171
0172
0173
0188
0191
0201
0215
0222
0224
0231
0233
0234
0242
0243
0250
0260
0286
0306
0307
0308
0309
0311
0312
0313
0314
0315
0317
0318
0319
0321
0322
0326
0327
0328
0329
0330
0331
0332
0334
0336
0337
0338
0339
0341
0342
0343
0346
0347
0348
0356
0358
0359
0360
0363
0364
0368
0370
0371
0372
0373
0376
0383
0386
0388
0389
0390
0393
0394
0395
0396
0397
0398
0400
0401
0402
0403
0409
0412
0414
0500
0501
0502
0503
0504
0505