0001
0002
0003
0006
0007
0009
0010
0011
0012
0013
0014
0016
0018
0020
0021
0023
0024
0025
0026
0028
0029
0030
0033
0034
0035
0036
0038
0040
0043
0044
0045
0046
0047
0049
0051
0053
0054
0055
0056
0057
0058
0059
0060
0061
0062
0063
0064
0065
0066
0067
0069
0070
0072
0074
0075
0077
0082
0083
0084
0085
0087
0088
0089
0090
0091
0092
0093
0094
0096
0097
0098
0099
0101
0102
0104
0105
0106
0108
0109
0110
0111
0112
0113
0115
0117
0118
0120
0121
0125
0126
0128
0129
0130
0131
0133
0136
0137
0141
0142
0144
0145
0146
0148
0149
0150
0151
0153
0154
0155
0158
0159
0162
0163
0164
0167
0169
0170
0175
0176
0177
0180
0181
0182
0184
0185
0187
0190
0192
0193
0196
0197
0198
0200
0202
0203
0205
0206
0207
0210
0213
0214
0225
0226
0227
0228
0229
0232
0236
0237
0238
0239
0241
0244
0246
0247
0251
0252
0253
0254
0255
0256
0257
0258
0259
0263
0264
0265
0266
0267
0268
0269
0270
0272
0273
0274
0275
0276
0277
0279
0284
0285
0287
0289
0290
0291
0292
0293
0294
0296
0297
0299
0304
0305
0316
0320
0323
0324
0325
0335
0344
0345
0349
0350
0351
0352
0361
0365
0374
0375
0377
0379
0391
0399
0408
0410
0411
